002001
002004
002005
002006
002007
002008
002011
002013
002022
002023
002024
002025
002028
002029
002030
002032
002037
002038
002041
002048
002050
002051
002056
002063
002064
002065
002068
002069
002073
002079
002081
002083
002086
002091
002092
002093
002096
002097
002104
002106
002122
002123
002128
002129
002140
002142
002146
002152
002153
002154
002155
002156
002161
002167
002168
002179
002183
002190
002191
002202
002218
002223
002230
002233
002236
002237
002241
002242
002244
002249
002250
002251
002252
002254
002261
002262
002267
002269
002277
002292
002299
002304
002310
002340
002353
002375
002385
002399
002405
002407
002408
002415
002422
002428
002450
002500
002570
002594
002601
002673


300355
300347
300336
300332
300315
300307
300303
300298
300297
300295
300291
300274
300273
300267
300262
300257
300253
300251
300244
300238
300228
300226
300223
300215
300212
300207
300205
300204
300203
300202
300199
300197
300187
300185
300183
300182
300181
300177
300171
300170
300168
300157
300152
300148
300147
300146
300144
300142
300137
300133
300128
300124
300122
300118
300115
300113
300105
300104
300101
300096
300090
300088
300083
300079
300077
300075
300074
300071
300070
300068
300059
300058
300057
300056
300055
300054
300052
300045
300044
300043
300039
300037
300034
300032
300027
300026
300024
300020
300017
300015
300014
300012
300009
300006
300005
300004
300003
300002
300001


000001
000002
000009
000012
000021
000024
000027
000031
000039
000046
000059
000060
000061
000063
000069
000089
000100
000157
000301
000338
000401
000402
000422
000423
000425
000488
000527
000528
000538
000559
000562
000568
000612
000623
000625
000630
000631
000651
000652
000667
000680
000685
000686
000690
000709
000717
000718
000728
000729
000758
000768
000778
000780
000783
000792
000793
000800
000807
000822
000825
000839
000858
000876
000878
000895
000897
000898
000900
000917
000927
000932
000933
000937
000951
000959
000960
000968
000969
000983
000999
002001
002007
002024
002028
002122
002128
002142
002155
002202
002242
002244
002275